50;1;MPI;0;1.6034e-05
50;1;seq;1.8605e-05
100;1;MPI;0;6.0864e-05
100;1;seq;6.2352e-05
150;1;MPI;0;0.000136083
150;1;seq;0.000154119
200;1;MPI;0;0.000241667
200;1;seq;0.000277745
50;2;MPI;1;8.846e-06
50;2;MPI;0;8.883e-06
50;2;seq;2.1981e-05
100;2;MPI;1;3.1701e-05
100;2;MPI;0;3.1644e-05
100;2;seq;7.1866e-05
150;2;MPI;1;7.2717e-05
150;2;MPI;0;7.1556e-05
150;2;seq;0.000175025
200;2;MPI;1;0.000126349
200;2;MPI;0;0.00012561
200;2;seq;0.00029329
50;4;MPI;3;5.04e-06
50;4;MPI;0;4.529e-06
50;4;seq;2.2387e-05
50;4;MPI;1;5.079e-06
50;4;MPI;2;4.556e-06
100;4;MPI;2;1.6236e-05
100;4;MPI;3;1.9158e-05
100;4;MPI;0;1.6045e-05
100;4;seq;8.5457e-05
100;4;MPI;1;1.9275e-05
150;4;MPI;2;3.6994e-05
150;4;MPI;3;4.0837e-05
150;4;MPI;0;3.8283e-05
150;4;seq;0.000169642
150;4;MPI;1;4.0652e-05
200;4;MPI;3;7.056e-05
200;4;MPI;0;6.2569e-05
200;4;seq;0.000300089
200;4;MPI;1;7.1592e-05
200;4;MPI;2;6.3441e-05
50;8;MPI;1;2.959e-06
50;8;MPI;2;2.833e-06
50;8;MPI;3;2.853e-06
50;8;MPI;4;2.812e-06
50;8;MPI;5;2.799e-06
50;8;MPI;6;2.819e-06
50;8;MPI;7;2.722e-06
50;8;MPI;0;2.588e-06
50;8;seq;2.4253e-05
100;8;MPI;3;9.905e-06
100;8;MPI;4;8.783e-06
100;8;MPI;5;9.622e-06
100;8;MPI;6;9.154e-06
100;8;MPI;7;9.555e-06
100;8;MPI;0;8.827e-06
100;8;seq;8.0929e-05
100;8;MPI;1;9.762e-06
100;8;MPI;2;9.148e-06
150;8;MPI;1;2.1765e-05
150;8;MPI;2;1.9368e-05
150;8;MPI;3;2.1304e-05
150;8;MPI;4;2.0123e-05
150;8;MPI;5;2.4947e-05
150;8;MPI;6;2.1071e-05
150;8;MPI;0;1.9834e-05
150;8;seq;0.000177828
150;8;MPI;7;2.1769e-05
200;8;MPI;2;3.5048e-05
200;8;MPI;3;3.7602e-05
200;8;MPI;1;3.7567e-05
200;8;MPI;4;3.5138e-05
200;8;MPI;5;4.487e-05
200;8;MPI;6;3.5414e-05
200;8;MPI;7;3.6387e-05
200;8;MPI;0;3.4108e-05
200;8;seq;0.00032883
50;12;MPI;1;2.307e-06
50;12;MPI;2;2.075e-06
50;12;MPI;3;2.102e-06
50;12;MPI;4;2.156e-06
50;12;MPI;5;2.058e-06
50;12;MPI;6;2.114e-06
50;12;MPI;7;2.223e-06
50;12;MPI;8;2.068e-06
50;12;MPI;9;2.158e-06
50;12;MPI;10;2.113e-06
50;12;MPI;0;1.837e-06
50;12;seq;2.5719e-05
50;12;MPI;11;2.076e-06
100;12;MPI;1;6.657e-06
100;12;MPI;2;6.191e-06
100;12;MPI;3;6.463e-06
100;12;MPI;4;6.224e-06
100;12;MPI;5;6.541e-06
100;12;MPI;7;6.925e-06
100;12;MPI;8;6.346e-06
100;12;MPI;9;6.979e-06
100;12;MPI;10;6.196e-06
100;12;MPI;11;6.743e-06
100;12;MPI;0;6.169e-06
100;12;seq;8.3423e-05
100;12;MPI;6;6.197e-06
150;12;MPI;1;1.4937e-05
150;12;MPI;2;1.3599e-05
150;12;MPI;3;1.4796e-05
150;12;MPI;4;1.3661e-05
150;12;MPI;5;1.4801e-05
150;12;MPI;6;1.358e-05
150;12;MPI;7;1.5323e-05
150;12;MPI;8;1.3905e-05
150;12;MPI;9;1.4826e-05
150;12;MPI;10;1.3674e-05
150;12;MPI;0;1.3842e-05
150;12;seq;0.00018348
150;12;MPI;11;1.4745e-05
200;12;MPI;1;2.5132e-05
200;12;MPI;2;2.3858e-05
200;12;MPI;3;2.4537e-05
200;12;MPI;4;2.3963e-05
200;12;MPI;5;2.5119e-05
200;12;MPI;6;2.4143e-05
200;12;MPI;7;2.5395e-05
200;12;MPI;8;2.406e-05
200;12;MPI;10;2.4264e-05
200;12;MPI;9;2.5607e-05
200;12;MPI;11;2.486e-05
200;12;MPI;0;2.3579e-05
200;12;seq;0.000319799
50;16;MPI;1;1.654e-06
50;16;MPI;2;2.252e-06
50;16;MPI;3;1.806e-06
50;16;MPI;4;1.686e-06
50;16;MPI;5;1.703e-06
50;16;MPI;6;1.733e-06
50;16;MPI;7;1.718e-06
50;16;MPI;8;1.695e-06
50;16;MPI;9;1.678e-06
50;16;MPI;10;1.729e-06
50;16;MPI;11;1.748e-06
50;16;MPI;12;1.72e-06
50;16;MPI;13;1.652e-06
50;16;MPI;14;1.839e-06
50;16;MPI;15;1.732e-06
50;16;MPI;0;1.514e-06
50;16;seq;2.5651e-05
100;16;MPI;3;4.964e-06
100;16;MPI;4;5.585e-06
100;16;MPI;5;5.134e-06
100;16;MPI;1;4.916e-06
100;16;MPI;2;5.399e-06
100;16;MPI;6;4.731e-06
100;16;MPI;7;5.28e-06
100;16;MPI;8;4.931e-06
100;16;MPI;9;4.711e-06
100;16;MPI;10;5.685e-06
100;16;MPI;12;5.621e-06
100;16;MPI;13;5.637e-06
100;16;MPI;14;4.923e-06
100;16;MPI;15;4.821e-06
100;16;MPI;0;4.659e-06
100;16;seq;8.4497e-05
100;16;MPI;11;5.978e-06
150;16;MPI;1;1.1624e-05
150;16;MPI;2;1.1416e-05
150;16;MPI;3;1.1981e-05
150;16;MPI;4;1.0284e-05
150;16;MPI;5;1.1114e-05
150;16;MPI;6;1.0365e-05
150;16;MPI;7;1.2624e-05
150;16;MPI;8;1.1277e-05
150;16;MPI;9;1.0654e-05
150;16;MPI;10;1.1159e-05
150;16;MPI;11;1.1681e-05
150;16;MPI;13;1.1681e-05
150;16;MPI;12;1.2316e-05
150;16;MPI;14;1.1471e-05
150;16;MPI;15;1.1041e-05
150;16;MPI;0;1.0839e-05
150;16;seq;0.000228732
200;16;MPI;3;2.0906e-05
200;16;MPI;1;2.1004e-05
200;16;MPI;2;2.0804e-05
200;16;MPI;4;1.9109e-05
200;16;MPI;5;2.0307e-05
200;16;MPI;6;1.9255e-05
200;16;MPI;7;2.0041e-05
200;16;MPI;8;2.0619e-05
200;16;MPI;9;2.07e-05
200;16;MPI;10;2.1126e-05
200;16;MPI;11;2.1636e-05
200;16;MPI;12;1.9551e-05
200;16;MPI;13;1.8822e-05
200;16;MPI;14;2.0134e-05
200;16;MPI;15;1.8896e-05
200;16;MPI;0;1.8906e-05
200;16;seq;0.000327067
50;24;MPI;1;1.281e-06
50;24;MPI;2;1.594e-06
50;24;MPI;3;1.3e-06
50;24;MPI;4;1.161e-06
50;24;MPI;5;1.337e-06
50;24;MPI;6;1.24e-06
50;24;MPI;7;1.325e-06
50;24;MPI;8;1.277e-06
50;24;MPI;9;1.341e-06
50;24;MPI;10;1.311e-06
50;24;MPI;11;1.332e-06
50;24;MPI;12;1.299e-06
50;24;MPI;13;1.234e-06
50;24;MPI;14;1.294e-06
50;24;MPI;15;1.238e-06
50;24;MPI;16;1.261e-06
50;24;MPI;17;1.273e-06
50;24;MPI;18;1.325e-06
50;24;MPI;19;1.277e-06
50;24;MPI;20;1.251e-06
50;24;MPI;21;1.337e-06
50;24;MPI;22;1.226e-06
50;24;MPI;23;1.279e-06
50;24;MPI;0;1.233e-06
50;24;seq;2.4628e-05
100;24;MPI;1;3.813e-06
100;24;MPI;2;3.577e-06
100;24;MPI;3;3.843e-06
100;24;MPI;4;3.335e-06
100;24;MPI;5;3.337e-06
100;24;MPI;6;3.891e-06
100;24;MPI;7;3.314e-06
100;24;MPI;8;3.679e-06
100;24;MPI;9;3.42e-06
100;24;MPI;10;3.396e-06
100;24;MPI;11;3.298e-06
100;24;MPI;12;3.442e-06
100;24;MPI;13;3.5e-06
100;24;MPI;14;4.299e-06
100;24;MPI;15;3.415e-06
100;24;MPI;16;3.395e-06
100;24;MPI;17;4.107e-06
100;24;MPI;18;4.219e-06
100;24;MPI;19;3.409e-06
100;24;MPI;20;4.312e-06
100;24;MPI;21;4.129e-06
100;24;MPI;22;3.97e-06
100;24;MPI;23;3.949e-06
100;24;MPI;0;3.674e-06
100;24;seq;9.1159e-05
150;24;MPI;1;7.683e-06
150;24;MPI;2;7.807e-06
150;24;MPI;3;8.264e-06
150;24;MPI;4;7.806e-06
150;24;MPI;5;8.362e-06
150;24;MPI;6;7.754e-06
150;24;MPI;7;7.897e-06
150;24;MPI;8;8.6e-06
150;24;MPI;9;8.651e-06
150;24;MPI;10;7.018e-06
150;24;MPI;11;7.884e-06
150;24;MPI;12;7.85e-06
150;24;MPI;13;9.416e-06
150;24;MPI;14;8.731e-06
150;24;MPI;20;7.78e-06
150;24;MPI;21;7.717e-06
150;24;MPI;22;8.125e-06
150;24;MPI;15;9.053e-06
150;24;MPI;16;7.948e-06
150;24;MPI;17;8.491e-06
150;24;MPI;18;9.672e-06
150;24;MPI;19;9.051e-06
150;24;MPI;23;8.795e-06
150;24;MPI;0;7.374e-06
150;24;seq;0.000181023
200;24;MPI;1;1.3212e-05
200;24;MPI;2;1.4942e-05
200;24;MPI;3;1.2986e-05
200;24;MPI;4;1.3182e-05
200;24;MPI;5;1.5969e-05
200;24;MPI;6;1.5134e-05
200;24;MPI;7;1.4133e-05
200;24;MPI;8;1.3252e-05
200;24;MPI;9;1.2974e-05
200;24;MPI;10;1.3982e-05
200;24;MPI;11;1.3317e-05
200;24;MPI;12;1.5079e-05
200;24;MPI;13;1.4082e-05
200;24;MPI;14;1.4628e-05
200;24;MPI;15;1.3361e-05
200;24;MPI;16;1.3633e-05
200;24;MPI;17;1.3271e-05
200;24;MPI;18;1.5034e-05
200;24;MPI;19;1.4539e-05
200;24;MPI;20;1.3261e-05
200;24;MPI;21;1.3208e-05
200;24;MPI;22;1.4517e-05
200;24;MPI;0;1.3305e-05
200;24;seq;0.000399761
200;24;MPI;23;1.3851e-05
