50;1;MPI;0;1.59491e-05
50;1;seq;1.61692e-05
100;1;MPI;0;6.20899e-05
100;1;seq;6.09162e-05
150;1;MPI;0;0.000135291
150;1;seq;0.000150233
200;1;MPI;0;0.000240886
200;1;seq;0.000247912
50;2;MPI;0;8.18307e-06
50;2;seq;1.68891e-05
50;2;MPI;1;8.36095e-06
100;2;MPI;0;3.2505e-05
100;2;seq;6.49781e-05
100;2;MPI;1;3.5804e-05
150;2;MPI;0;7.2568e-05
150;2;seq;0.000144711
150;2;MPI;1;7.28159e-05
200;2;MPI;0;0.000128102
200;2;seq;0.000259126
200;2;MPI;1;0.000129186
50;4;MPI;1;4.64008e-06
50;4;MPI;2;7.18306e-06
50;4;MPI;3;4.8012e-06
50;4;MPI;0;4.17302e-06
50;4;seq;1.6856e-05
100;4;MPI;0;1.64129e-05
100;4;seq;7.87729e-05
100;4;MPI;1;1.79191e-05
100;4;MPI;2;1.68001e-05
100;4;MPI;3;1.76399e-05
150;4;MPI;0;3.6208e-05
150;4;seq;0.000145334
150;4;MPI;2;3.65779e-05
150;4;MPI;3;4.7643e-05
150;4;MPI;1;5.11259e-05
200;4;MPI;1;7.05761e-05
200;4;MPI;3;6.91181e-05
200;4;MPI;2;6.2969e-05
200;4;MPI;0;6.21411e-05
200;4;seq;0.000252305
50;8;MPI;0;2.24402e-06
50;8;seq;1.79801e-05
50;8;MPI;1;2.48011e-06
50;8;MPI;2;2.51201e-06
50;8;MPI;4;2.468e-06
50;8;MPI;5;2.51015e-06
50;8;MPI;6;2.58884e-06
50;8;MPI;7;2.71085e-06
50;8;MPI;3;2.47988e-06
100;8;MPI;7;8.7691e-06
100;8;MPI;0;8.81404e-06
100;8;seq;6.95609e-05
100;8;MPI;1;9.14698e-06
100;8;MPI;2;9.19704e-06
100;8;MPI;3;8.90414e-06
100;8;MPI;4;9.07108e-06
100;8;MPI;5;9.03988e-06
100;8;MPI;6;9.12091e-06
150;8;MPI;1;2.00521e-05
150;8;MPI;4;1.96318e-05
150;8;MPI;5;1.96761e-05
150;8;MPI;7;1.98469e-05
150;8;MPI;0;1.96749e-05
150;8;seq;0.000157504
150;8;MPI;2;2.0083e-05
150;8;MPI;3;1.96891e-05
150;8;MPI;6;1.96979e-05
200;8;MPI;6;3.5048e-05
200;8;MPI;5;3.715e-05
200;8;MPI;7;3.60571e-05
200;8;MPI;0;3.44811e-05
200;8;seq;0.000278096
200;8;MPI;1;3.85481e-05
200;8;MPI;2;3.5716e-05
200;8;MPI;3;3.73952e-05
200;8;MPI;4;3.58529e-05
50;12;MPI;11;1.69897e-06
50;12;MPI;5;1.75089e-06
50;12;MPI;9;1.8389e-06
50;12;MPI;3;1.76718e-06
50;12;MPI;10;5.2975e-05
50;12;MPI;4;1.78884e-06
50;12;MPI;1;2.0992e-06
50;12;MPI;0;1.61002e-06
50;12;seq;2.1189e-05
50;12;MPI;8;1.74879e-06
50;12;MPI;6;1.75508e-06
50;12;MPI;2;1.78092e-06
50;12;MPI;7;1.79e-06
100;12;MPI;2;6.09714e-06
100;12;MPI;6;6.13392e-06
100;12;MPI;4;6.05104e-06
100;12;MPI;0;5.84894e-06
100;12;seq;6.9286e-05
100;12;MPI;3;6.23288e-06
100;12;MPI;5;6.0359e-06
100;12;MPI;1;6.33113e-06
100;12;MPI;9;6.05686e-06
100;12;MPI;8;6.12903e-06
100;12;MPI;7;6.07199e-06
100;12;MPI;11;6.02705e-06
100;12;MPI;10;6.12298e-06
150;12;MPI;7;1.3361e-05
150;12;MPI;9;1.33719e-05
150;12;MPI;3;1.33631e-05
150;12;MPI;1;1.34779e-05
150;12;MPI;0;1.42609e-05
150;12;seq;0.000155128
150;12;MPI;2;1.3514e-05
150;12;MPI;4;1.33591e-05
150;12;MPI;10;1.3666e-05
150;12;MPI;5;1.43582e-05
150;12;MPI;11;1.31249e-05
150;12;MPI;8;1.35049e-05
150;12;MPI;6;1.3422e-05
200;12;MPI;1;2.4478e-05
200;12;MPI;0;2.3081e-05
200;12;seq;0.000278767
200;12;MPI;2;2.60461e-05
200;12;MPI;3;2.5237e-05
200;12;MPI;5;2.3585e-05
200;12;MPI;6;2.42679e-05
200;12;MPI;7;2.70051e-05
200;12;MPI;9;2.3728e-05
200;12;MPI;10;2.40339e-05
200;12;MPI;8;2.4128e-05
200;12;MPI;11;2.3193e-05
200;12;MPI;4;2.4263e-05
50;16;MPI;2;1.43098e-06
50;16;MPI;0;1.2191e-06
50;16;seq;1.79568e-05
50;16;MPI;11;1.53109e-06
50;16;MPI;4;1.4999e-06
50;16;MPI;13;1.78395e-06
50;16;MPI;9;1.40094e-06
50;16;MPI;12;1.3581e-06
50;16;MPI;5;1.45915e-06
50;16;MPI;1;1.37207e-06
50;16;MPI;8;1.87289e-06
50;16;MPI;10;1.81003e-06
50;16;MPI;15;1.40001e-06
50;16;MPI;3;1.38697e-06
50;16;MPI;14;1.40397e-06
50;16;MPI;7;2.18209e-06
50;16;MPI;6;1.41189e-06
100;16;MPI;4;4.69293e-06
100;16;MPI;14;4.56697e-06
100;16;MPI;6;7.26292e-06
100;16;MPI;0;4.47803e-06
100;16;seq;7.0231e-05
100;16;MPI;7;5.26803e-06
100;16;MPI;1;4.99887e-06
100;16;MPI;15;4.51901e-06
100;16;MPI;12;7.79703e-06
100;16;MPI;9;7.24592e-06
100;16;MPI;13;4.6168e-06
100;16;MPI;10;4.59095e-06
100;16;MPI;8;5.33508e-06
100;16;MPI;2;5.35999e-06
100;16;MPI;11;4.61703e-06
100;16;MPI;3;4.62099e-06
100;16;MPI;5;4.59305e-06
150;16;MPI;14;1.0212e-05
150;16;MPI;15;1.01549e-05
150;16;MPI;9;1.38979e-05
150;16;MPI;0;9.69297e-06
150;16;seq;0.000155702
150;16;MPI;13;1.06879e-05
150;16;MPI;10;1.02941e-05
150;16;MPI;5;1.4025e-05
150;16;MPI;7;1.02071e-05
150;16;MPI;6;1.02059e-05
150;16;MPI;1;1.04732e-05
150;16;MPI;3;1.0781e-05
150;16;MPI;4;1.4174e-05
150;16;MPI;12;1.01279e-05
150;16;MPI;11;1.03388e-05
150;16;MPI;8;1.43552e-05
150;16;MPI;2;1.42872e-05
200;16;MPI;6;1.76639e-05
200;16;MPI;10;1.77699e-05
200;16;MPI;14;1.76951e-05
200;16;MPI;3;2.49168e-05
200;16;MPI;7;2.4782e-05
200;16;MPI;0;1.8565e-05
200;16;seq;0.000317715
200;16;MPI;12;1.80949e-05
200;16;MPI;4;1.7728e-05
200;16;MPI;8;1.81301e-05
200;16;MPI;5;2.70191e-05
200;16;MPI;11;1.77249e-05
200;16;MPI;1;2.88961e-05
200;16;MPI;2;2.63439e-05
200;16;MPI;15;1.7606e-05
200;16;MPI;9;1.7927e-05
200;16;MPI;13;2.49241e-05
50;24;MPI;0;9.15024e-07
50;24;seq;1.78721e-05
50;24;MPI;12;1.08895e-06
50;24;MPI;6;1.07498e-06
50;24;MPI;1;1.19978e-06
50;24;MPI;9;1.16113e-06
50;24;MPI;3;1.13598e-06
50;24;MPI;19;1.09803e-06
50;24;MPI;14;1.017e-06
50;24;MPI;18;1.08895e-06
50;24;MPI;8;1.28592e-06
50;24;MPI;11;1.13295e-06
50;24;MPI;2;1.03004e-06
50;24;MPI;20;9.86038e-07
50;24;MPI;17;1.09687e-06
50;24;MPI;21;1.08592e-06
50;24;MPI;23;1.13714e-06
50;24;MPI;22;9.66014e-07
50;24;MPI;5;1.06287e-06
50;24;MPI;7;1.22399e-06
50;24;MPI;13;1.07498e-06
50;24;MPI;15;1.17905e-06
50;24;MPI;10;1.1432e-06
50;24;MPI;4;1.10711e-06
50;24;MPI;16;1.24215e-06
100;24;MPI;3;3.25404e-06
100;24;MPI;8;3.37604e-06
100;24;MPI;12;3.32505e-06
100;24;MPI;17;3.50387e-06
100;24;MPI;18;3.32901e-06
100;24;MPI;4;3.55393e-06
100;24;MPI;14;3.77395e-06
100;24;MPI;21;3.25497e-06
100;24;MPI;22;3.21702e-06
100;24;MPI;1;3.31784e-06
100;24;MPI;11;3.36417e-06
100;24;MPI;5;3.47989e-06
100;24;MPI;23;3.1949e-06
100;24;MPI;16;3.25684e-06
100;24;MPI;0;3.0119e-06
100;24;seq;6.93761e-05
100;24;MPI;6;3.34485e-06
100;24;MPI;19;3.19909e-06
100;24;MPI;10;3.52901e-06
100;24;MPI;13;3.36091e-06
100;24;MPI;20;3.40701e-06
100;24;MPI;15;3.36207e-06
100;24;MPI;9;3.36207e-06
100;24;MPI;2;3.275e-06
100;24;MPI;7;3.29618e-06
150;24;MPI;19;7.20704e-06
150;24;MPI;20;7.05896e-06
150;24;MPI;0;6.60308e-06
150;24;seq;0.000155178
150;24;MPI;15;7.72788e-06
150;24;MPI;10;8.53208e-06
150;24;MPI;1;9.0031e-06
150;24;MPI;6;8.662e-06
150;24;MPI;8;8.61892e-06
150;24;MPI;12;8.42707e-06
150;24;MPI;23;6.81099e-06
150;24;MPI;17;8.21589e-06
150;24;MPI;22;7.55e-06
150;24;MPI;7;8.24081e-06
150;24;MPI;16;7.58213e-06
150;24;MPI;18;7.03614e-06
150;24;MPI;4;9.31113e-06
150;24;MPI;11;7.37305e-06
150;24;MPI;13;8.10088e-06
150;24;MPI;2;7.61799e-06
150;24;MPI;5;7.78493e-06
150;24;MPI;9;7.65291e-06
150;24;MPI;14;7.57701e-06
150;24;MPI;3;7.93207e-06
150;24;MPI;21;7.93603e-06
200;24;MPI;13;1.2907e-05
200;24;MPI;6;1.5609e-05
200;24;MPI;22;1.2636e-05
200;24;MPI;18;1.28439e-05
200;24;MPI;10;1.3676e-05
200;24;MPI;20;1.31589e-05
200;24;MPI;4;1.46551e-05
200;24;MPI;3;1.34979e-05
200;24;MPI;1;1.5937e-05
200;24;MPI;11;1.3419e-05
200;24;MPI;17;1.4212e-05
200;24;MPI;21;1.2219e-05
200;24;MPI;16;1.48511e-05
200;24;MPI;8;1.46041e-05
200;24;MPI;0;1.1448e-05
200;24;seq;0.000279377
200;24;MPI;15;1.37989e-05
200;24;MPI;23;1.3347e-05
200;24;MPI;7;1.47161e-05
200;24;MPI;14;1.4114e-05
200;24;MPI;5;1.55941e-05
200;24;MPI;12;1.4642e-05
200;24;MPI;19;1.34089e-05
200;24;MPI;9;1.5195e-05
200;24;MPI;2;1.3436e-05
