50;1;MPI;0;0.00686794
50;1;seq;0.00697299
100;1;MPI;0;0.0982318
100;1;seq;0.101351
150;1;MPI;0;0.498287
150;1;seq;0.498618
200;1;MPI;0;1.71848
200;1;seq;1.59829
50;2;MPI;0;0.0032838
50;2;seq;0.00664094
50;2;MPI;1;0.00343535
100;2;MPI;1;0.0523448
100;2;MPI;0;0.0521111
100;2;seq;0.104413
150;2;MPI;1;0.259913
150;2;MPI;0;0.258441
150;2;seq;0.518884
200;2;MPI;1;0.840858
200;2;MPI;0;0.83133
200;2;seq;1.66246
50;4;MPI;2;0.0018339
50;4;MPI;3;0.00175909
50;4;MPI;0;0.00155641
50;4;seq;0.00683021
50;4;MPI;1;0.00189895
100;4;MPI;3;0.0281891
100;4;MPI;0;0.0261673
100;4;seq;0.103934
100;4;MPI;2;0.0255085
100;4;MPI;1;0.0287888
150;4;MPI;1;0.142886
150;4;MPI;3;0.142935
150;4;MPI;0;0.129375
150;4;seq;0.517871
150;4;MPI;2;0.129998
200;4;MPI;0;0.425394
200;4;seq;1.65397
200;4;MPI;2;0.414839
200;4;MPI;3;0.453541
200;4;MPI;1;0.453428
50;8;MPI;2;0.000978899
50;8;MPI;1;0.000992421
50;8;MPI;0;0.000821306
50;8;seq;0.00717823
50;8;MPI;3;0.000980859
50;8;MPI;4;0.000978315
50;8;MPI;5;0.00093932
50;8;MPI;6;0.00092836
50;8;MPI;7;0.000898827
100;8;MPI;5;0.0151545
100;8;MPI;0;0.0136893
100;8;seq;0.108805
100;8;MPI;1;0.0148435
100;8;MPI;7;0.0148378
100;8;MPI;2;0.0143076
100;8;MPI;3;0.0150556
100;8;MPI;4;0.0142652
100;8;MPI;6;0.0142678
150;8;MPI;7;0.0733913
150;8;MPI;4;0.0706502
150;8;MPI;1;0.0733891
150;8;MPI;0;0.0687298
150;8;seq;0.550796
150;8;MPI;6;0.0706209
150;8;MPI;5;0.073562
150;8;MPI;2;0.0705449
150;8;MPI;3;0.0734901
200;8;MPI;1;0.235118
200;8;MPI;7;0.235305
200;8;MPI;6;0.225397
200;8;MPI;2;0.22578
200;8;MPI;3;0.235058
200;8;MPI;5;0.235369
200;8;MPI;0;0.217401
200;8;seq;1.75416
200;8;MPI;4;0.22535
50;12;MPI;10;0.000620001
50;12;MPI;5;0.000688119
50;12;MPI;2;0.000690415
50;12;MPI;3;0.000691062
50;12;MPI;7;0.000666024
50;12;MPI;8;0.000662374
50;12;MPI;1;0.000686597
50;12;MPI;11;0.00062533
50;12;MPI;6;0.000663478
50;12;MPI;0;0.00054777
50;12;seq;0.00726291
50;12;MPI;4;0.000683303
50;12;MPI;9;0.000640221
100;12;MPI;1;0.0108026
100;12;MPI;3;0.0106482
100;12;MPI;11;0.0105189
100;12;MPI;4;0.0100864
100;12;MPI;7;0.0106527
100;12;MPI;9;0.0108799
100;12;MPI;0;0.00961909
100;12;seq;0.113009
100;12;MPI;2;0.0102304
100;12;MPI;5;0.0105552
100;12;MPI;6;0.010285
100;12;MPI;10;0.0100628
100;12;MPI;8;0.010073
150;12;MPI;2;0.0503948
150;12;MPI;7;0.0526048
150;12;MPI;0;0.0471603
150;12;seq;0.566971
150;12;MPI;11;0.0526649
150;12;MPI;8;0.0503806
150;12;MPI;5;0.052289
150;12;MPI;3;0.0524081
150;12;MPI;4;0.050539
150;12;MPI;6;0.0507386
150;12;MPI;10;0.0507811
150;12;MPI;1;0.0523559
150;12;MPI;9;0.0528317
200;12;MPI;2;0.160425
200;12;MPI;3;0.164182
200;12;MPI;5;0.164189
200;12;MPI;11;0.164302
200;12;MPI;9;0.164096
200;12;MPI;0;0.149544
200;12;seq;1.80412
200;12;MPI;10;0.160352
200;12;MPI;7;0.16413
200;12;MPI;1;0.164411
200;12;MPI;8;0.160405
200;12;MPI;6;0.160178
200;12;MPI;4;0.16019
50;16;MPI;14;0.000479702
50;16;MPI;0;0.000411569
50;16;seq;0.00713586
50;16;MPI;2;0.00050283
50;16;MPI;9;0.000498947
50;16;MPI;10;0.000466295
50;16;MPI;12;0.000485751
50;16;MPI;3;0.000491027
50;16;MPI;13;0.000483172
50;16;MPI;5;0.000486756
50;16;MPI;8;0.000543551
50;16;MPI;7;0.000542589
50;16;MPI;4;0.000539347
50;16;MPI;15;0.000428021
50;16;MPI;6;0.000513333
50;16;MPI;1;0.000502832
50;16;MPI;11;0.00053153
100;16;MPI;0;0.0170991
100;16;seq;0.219823
100;16;MPI;7;0.00777639
100;16;MPI;1;0.00751487
100;16;MPI;10;0.00735066
100;16;MPI;11;0.0076214
100;16;MPI;13;0.0170501
100;16;MPI;2;0.00752183
100;16;MPI;6;0.0145125
100;16;MPI;5;0.00765929
100;16;MPI;12;0.00779339
100;16;MPI;4;0.0264236
100;16;MPI;9;0.00724037
100;16;MPI;15;0.00702964
100;16;MPI;14;0.00771791
100;16;MPI;3;0.00765757
100;16;MPI;8;0.00781013
150;16;MPI;2;0.0381724
150;16;MPI;14;0.0770775
150;16;MPI;1;0.0671684
150;16;MPI;11;0.0586878
150;16;MPI;10;0.0797557
150;16;MPI;3;0.0773001
150;16;MPI;0;0.0357044
150;16;seq;0.711359
150;16;MPI;13;0.0378513
150;16;MPI;4;0.0391237
150;16;MPI;6;0.0388423
150;16;MPI;12;0.0380183
150;16;MPI;9;0.0659646
150;16;MPI;5;0.0484033
150;16;MPI;7;0.066456
150;16;MPI;8;0.0745376
150;16;MPI;15;0.0392262
200;16;MPI;5;0.123947
200;16;MPI;1;0.228325
200;16;MPI;4;0.226476
200;16;MPI;3;0.124346
200;16;MPI;6;0.124135
200;16;MPI;9;0.229358
200;16;MPI;8;0.226782
200;16;MPI;15;0.261035
200;16;MPI;0;0.222313
200;16;seq;3.57881
200;16;MPI;7;0.124346
200;16;MPI;12;0.118684
200;16;MPI;13;0.124162
200;16;MPI;11;0.226656
200;16;MPI;14;0.240144
200;16;MPI;2;0.124882
200;16;MPI;10;0.118496
50;24;MPI;0;0.000275562
50;24;seq;0.00714504
50;24;MPI;9;0.000333532
50;24;MPI;11;0.000319822
50;24;MPI;1;0.000362734
50;24;MPI;8;0.000332742
50;24;MPI;6;0.000332715
50;24;MPI;12;0.000351547
50;24;MPI;23;0.000303354
50;24;MPI;13;0.000334333
50;24;MPI;20;0.000312143
50;24;MPI;16;0.000349496
50;24;MPI;14;0.00031354
50;24;MPI;18;0.000311608
50;24;MPI;7;0.00033758
50;24;MPI;21;0.000300181
50;24;MPI;4;0.000365563
50;24;MPI;5;0.000362022
50;24;MPI;10;0.000354021
50;24;MPI;22;0.000302483
50;24;MPI;17;0.000329199
50;24;MPI;19;0.000342975
50;24;MPI;15;0.000353889
50;24;MPI;2;0.0003625
50;24;MPI;3;0.000372728
100;24;MPI;5;0.00489894
100;24;MPI;11;0.00513387
100;24;MPI;12;0.00514178
100;24;MPI;15;0.00488999
100;24;MPI;14;0.00489772
100;24;MPI;4;0.00593164
100;24;MPI;8;0.00535296
100;24;MPI;6;0.00530228
100;24;MPI;23;0.00500798
100;24;MPI;3;0.00539426
100;24;MPI;0;0.00491808
100;24;seq;0.123611
100;24;MPI;17;0.00484738
100;24;MPI;10;0.00514247
100;24;MPI;18;0.00497503
100;24;MPI;2;0.00509909
100;24;MPI;1;0.00510043
100;24;MPI;13;0.00492173
100;24;MPI;19;0.00478461
100;24;MPI;16;0.0051574
100;24;MPI;20;0.0105617
100;24;MPI;9;0.00508771
100;24;MPI;21;0.0048859
100;24;MPI;7;0.00534668
100;24;MPI;22;0.00487778
150;24;MPI;19;0.047762
150;24;MPI;16;0.0452438
150;24;MPI;1;0.0455759
150;24;MPI;7;0.0356429
150;24;MPI;20;0.0520073
150;24;MPI;2;0.0466822
150;24;MPI;17;0.0443344
150;24;MPI;13;0.0624598
150;24;MPI;12;0.0519691
150;24;MPI;6;0.0455383
150;24;MPI;5;0.0486708
150;24;MPI;0;0.0740195
150;24;seq;1.15846
150;24;MPI;22;0.0497407
150;24;MPI;10;0.0427088
150;24;MPI;9;0.0354079
150;24;MPI;15;0.0421169
150;24;MPI;23;0.0355575
150;24;MPI;11;0.0466203
150;24;MPI;14;0.0427717
150;24;MPI;3;0.0518692
150;24;MPI;8;0.063498
150;24;MPI;18;0.0453421
150;24;MPI;4;0.0259193
150;24;MPI;21;0.0420675
200;24;MPI;0;0.0751627
200;24;seq;1.81398
200;24;MPI;2;0.164457
200;24;MPI;5;0.167268
200;24;MPI;13;0.156006
200;24;MPI;3;0.161624
200;24;MPI;11;0.163588
200;24;MPI;12;0.156234
200;24;MPI;1;0.157487
200;24;MPI;15;0.151519
200;24;MPI;4;0.156177
200;24;MPI;8;0.21704
200;24;MPI;14;0.156006
200;24;MPI;16;0.152634
200;24;MPI;17;0.162538
200;24;MPI;22;0.160726
200;24;MPI;19;0.15623
200;24;MPI;23;0.161691
200;24;MPI;20;0.149812
200;24;MPI;18;0.160689
200;24;MPI;9;0.233406
200;24;MPI;21;0.232021
200;24;MPI;10;0.163279
200;24;MPI;6;0.156513
200;24;MPI;7;0.151605
